tokenId,receiverWalletAddress